2023-10-23 18:47:01.605 [INFO] Image successfully pulled from registry.
2023-10-23 18:47:01.615 [INFO] Creating container from image...
2023-10-23 18:47:01.626 [INFO] Establishing environment variables...
2023-10-23 18:47:01.636 [INFO] Image successfully pulled from registry.
2023-10-23 18:47:01.646 [INFO] Image successfully pulled from registry.
2023-10-23 18:47:01.656 [INFO] Image successfully pulled from registry.
2023-10-23 18:47:01.666 [INFO] Establishing environment variables...
2023-10-23 18:47:01.677 [INFO] Container created with ID 614083c8-5e86-4c06-a3ae-674b1ea77e45.
2023-10-23 18:47:01.687 [INFO] Container created with ID 614083c8-5e86-4c06-a3ae-674b1ea77e45.
2023-10-23 18:47:01.697 [INFO] Container created with ID 614083c8-5e86-4c06-a3ae-674b1ea77e45.
2023-10-23 18:47:01.707 [INFO] Configuration loaded successfully.
2023-10-23 18:47:01.718 [INFO] Initializing database...
2023-10-23 18:47:01.728 [INFO] Configuration loaded successfully.
2023-10-23 18:47:01.738 [INFO] Database engine started.
2023-10-23 18:47:01.748 [INFO] Initializing database...
2023-10-23 18:47:01.758 [INFO] Initializing database...
2023-10-23 18:47:01.769 [INFO] Ready to accept connections.
2023-10-23 18:47:01.779 [DEBUG] Checking data integrity...
2023-10-23 18:47:01.789 [INFO] Database engine started.
2023-10-23 18:47:01.799 [DEBUG] Checking data integrity...
2023-10-23 18:47:01.809 [DEBUG] Transaction started.
2023-10-23 18:47:01.820 [INFO] Rollback transaction on table payments.
2023-10-23 18:47:01.830 [ERROR] Query execution failed on table data.
2023-10-23 18:47:01.840 [INFO] Received termination signal.
2023-10-23 18:47:01.850 [INFO] Rollback transaction on table payments.
2023-10-23 18:47:01.861 [INFO] Rollback transaction on table payments.
2023-10-23 18:47:01.871 [CRITICAL] Emergency shutdown initiated!
2023-10-23 18:47:01.881 [INFO] Committing transaction on table orders.
2023-10-23 18:47:01.891 [DEBUG] Transaction started.
2023-10-23 18:47:01.901 [INFO] Updating records in table transactions.
2023-10-23 18:47:01.912 [ERROR] Query execution failed on table data.
2023-10-23 18:47:01.922 [INFO] Rollback transaction on table payments.
2023-10-23 18:47:01.932 [ERROR] Unexpected disconnection of client ID #2387.
2023-10-23 18:47:01.942 [ERROR] Query execution failed on table data.
2023-10-23 18:47:01.952 [DEBUG] Transaction started.
2023-10-23 18:47:01.963 [ERROR] Query execution failed on table data.
2023-10-23 18:47:01.973 [INFO] Query executed successfully on table users.
2023-10-23 18:47:01.983 [INFO] Backing up table records.
2023-10-23 18:47:01.993 [INFO] Executing DELETE operation on table temp.
2023-10-23 18:47:02.003 [DEBUG] Transaction started.
2023-10-23 18:47:02.014 [INFO] Committing transaction on table orders.
2023-10-23 18:47:02.024 [INFO] Executing INSERT operation on table data.
2023-10-23 18:47:02.034 [DEBUG] Transaction started.
2023-10-23 18:47:02.044 [DEBUG] Stored procedure "sp_UpdateInventory" executed.
2023-10-23 18:47:02.054 [ERROR] Query execution failed on table data.
2023-10-23 18:47:02.064 [CRITICAL] Unable to allocate memory for new transactions.
2023-10-23 18:47:02.075 [INFO] Backing up table records.
2023-10-23 18:47:02.085 [INFO] Query executed successfully on table users.
2023-10-23 18:47:02.095 [ERROR] Query execution failed on table data.
2023-10-23 18:47:02.105 [INFO] Executing DELETE operation on table temp.
2023-10-23 18:47:02.116 [INFO] Backing up table records.
2023-10-23 18:47:02.126 [INFO] Executing INSERT operation on table data.
2023-10-23 18:47:02.136 [DEBUG] Stored procedure "sp_UpdateInventory" executed.
2023-10-23 18:47:02.146 [INFO] Committing transaction on table orders.
2023-10-23 18:47:02.156 [DEBUG] Transaction started.
2023-10-23 18:47:02.167 [ERROR] ERROR: Database connection failed!
2023-10-23 18:47:02.177 [INFO] Updating records in table transactions.
2023-10-23 18:47:02.187 [INFO] Committing transaction on table orders.
2023-10-23 18:47:02.197 [DEBUG] Stored procedure "sp_UpdateInventory" executed.
2023-10-23 18:47:02.207 [INFO] Updating records in table transactions.
2023-10-23 18:47:02.218 [INFO] Executing INSERT operation on table data.
2023-10-23 18:47:02.228 [WARNING] Unplanned shutdown - potential data loss!
2023-10-23 18:47:02.238 [DEBUG] Transaction started.
2023-10-23 18:47:02.248 [INFO] Updating records in table transactions.
2023-10-23 18:47:02.258 [DEBUG] Stored procedure "sp_UpdateInventory" executed.
2023-10-23 18:47:02.268 [INFO] Executing DELETE operation on table temp.
2023-10-23 18:47:02.279 [INFO] Executing query on table users.
2023-10-23 18:47:02.289 [INFO] Rollback transaction on table payments.
2023-10-23 18:47:02.299 [INFO] Rollback transaction on table payments.
2023-10-23 18:47:02.309 [ERROR] ERROR: Failed to backup database.
2023-10-23 18:47:02.319 [ERROR] Query execution failed on table data.
2023-10-23 18:47:02.330 [INFO] Executing DELETE operation on table temp.
2023-10-23 18:47:02.340 [WARNING] WARNING: Slow query detected on table logs.
2023-10-23 18:47:02.350 [INFO] Query executed successfully on table users.
2023-10-23 18:47:02.360 [INFO] Executing INSERT operation on table data.
2023-10-23 18:47:02.370 [ERROR] Query execution failed on table data.
2023-10-23 18:47:02.381 [ERROR] Query execution failed on table data.
2023-10-23 18:47:02.391 [INFO] Backing up table records.
2023-10-23 18:47:02.401 [INFO] Received termination signal.
2023-10-23 18:47:02.411 [WARNING] Long-running transaction detected on table inventory.
2023-10-23 18:47:02.421 [ERROR] Query execution failed on table data.
2023-10-23 18:47:02.431 [INFO] Executing INSERT operation on table data.
2023-10-23 18:47:02.442 [INFO] Executing INSERT operation on table data.
2023-10-23 18:47:02.452 [INFO] Backing up table records.
2023-10-23 18:47:02.462 [WARNING] Unplanned shutdown - potential data loss!
2023-10-23 18:47:02.472 [INFO] Executing query on table users.
2023-10-23 18:47:02.482 [ERROR] Query execution failed on table data.
2023-10-23 18:47:02.493 [INFO] Rollback transaction on table payments.
2023-10-23 18:47:02.503 [INFO] Executing DELETE operation on table temp.
2023-10-23 18:47:02.513 [INFO] Executing query on table users.
2023-10-23 18:47:02.523 [DEBUG] Stored procedure "sp_UpdateInventory" executed.
2023-10-23 18:47:02.533 [INFO] Updating records in table transactions.
2023-10-23 18:47:02.544 [ERROR] Query execution failed on table data.
2023-10-23 18:47:02.554 [ERROR] Insufficient permissions for query on table salaries.
2023-10-23 18:47:02.564 [INFO] Rollback transaction on table payments.
2023-10-23 18:47:02.574 [INFO] Committing transaction on table orders.
2023-10-23 18:47:02.584 [INFO] Executing query on table users.
2023-10-23 18:47:02.595 [INFO] Executing INSERT operation on table data.
2023-10-23 18:47:02.605 [INFO] Executing query on table users.
2023-10-23 18:47:02.615 [WARNING] Long-running transaction detected on table inventory.
2023-10-23 18:47:02.625 [WARNING] Long-running transaction detected on table inventory.
2023-10-23 18:47:02.635 [INFO] Backing up table records.
2023-10-23 18:47:02.646 [INFO] Query executed successfully on table users.
2023-10-23 18:47:02.656 [INFO] Backing up table records.
2023-10-23 18:47:02.666 [ERROR] Query execution failed on table data.
2023-10-23 18:47:02.676 [INFO] Index optimization completed.
2023-10-23 18:47:02.686 [INFO] Index optimization completed.
2023-10-23 18:47:02.696 [INFO] Committing transaction on table orders.
2023-10-23 18:47:02.707 [INFO] Query executed successfully on table users.
2023-10-23 18:47:02.717 [ERROR] Insufficient permissions for query on table salaries.
2023-10-23 18:47:02.727 [INFO] Updating records in table transactions.
2023-10-23 18:47:02.737 [DEBUG] Transaction started.
2023-10-23 18:47:02.747 [INFO] Backing up table records.
2023-10-23 18:47:02.758 [DEBUG] Transaction started.
2023-10-23 18:47:02.768 [WARNING] Long-running transaction detected on table inventory.
2023-10-23 18:47:02.778 [INFO] Saving session state...
2023-10-23 18:47:02.788 [INFO] Executing INSERT operation on table data.
2023-10-23 18:47:02.798 [INFO] Executing DELETE operation on table temp.
2023-10-23 18:47:02.809 [INFO] Query executed successfully on table users.
2023-10-23 18:47:02.819 [DEBUG] Transaction started.
2023-10-23 18:47:02.829 [DEBUG] Stored procedure "sp_UpdateInventory" executed.
2023-10-23 18:47:02.839 [INFO] Executing DELETE operation on table temp.
2023-10-23 18:47:02.850 [INFO] Rollback transaction on table payments.
2023-10-23 18:47:02.860 [INFO] Query executed successfully on table users.
2023-10-23 18:47:02.870 [DEBUG] Transaction started.
2023-10-23 18:47:02.880 [INFO] Executing query on table users.
2023-10-23 18:47:02.890 [ERROR] Query execution failed on table data.
2023-10-23 18:47:02.901 [ERROR] ERROR: Deadlock encountered on table resources.
2023-10-23 18:47:02.911 [ERROR] ERROR: Failed to backup database.
2023-10-23 18:47:02.921 [ERROR] Query execution failed on table data.
2023-10-23 18:47:02.931 [INFO] Executing DELETE operation on table temp.
2023-10-23 18:47:02.941 [DEBUG] Stored procedure "sp_UpdateInventory" executed.
2023-10-23 18:47:02.951 [INFO] Updating records in table transactions.
2023-10-23 18:47:02.962 [ERROR] Insufficient permissions for query on table salaries.
2023-10-23 18:47:02.972 [WARNING] Unplanned shutdown - potential data loss!
2023-10-23 18:47:02.982 [INFO] Closing active connections...
2023-10-23 18:47:02.992 [INFO] Executing query on table users.
2023-10-23 18:47:03.003 [INFO] Executing INSERT operation on table data.
2023-10-23 18:47:03.013 [INFO] Executing query on table users.
2023-10-23 18:47:03.023 [ERROR] Query execution failed on table data.
2023-10-23 18:47:03.033 [INFO] Health check initiated...
2023-10-23 18:47:03.043 [ERROR] Query execution failed on table data.
2023-10-23 18:47:03.054 [WARNING] WARNING: Slow query detected on table logs.
2023-10-23 18:47:03.064 [INFO] Executing query on table users.
2023-10-23 18:47:03.074 [INFO] Updating records in table transactions.
2023-10-23 18:47:03.084 [WARNING] Unplanned shutdown - potential data loss!
2023-10-23 18:47:03.095 [INFO] Health check initiated...
2023-10-23 18:47:03.105 [DEBUG] Transaction started.
2023-10-23 18:47:03.115 [ERROR] Query execution failed on table data.
2023-10-23 18:47:03.125 [INFO] Executing INSERT operation on table data.
2023-10-23 18:47:03.135 [INFO] Query executed successfully on table users.
2023-10-23 18:47:03.146 [INFO] Query executed successfully on table users.
2023-10-23 18:47:03.156 [INFO] Rollback transaction on table payments.
2023-10-23 18:47:03.166 [WARNING] Long-running transaction detected on table inventory.
2023-10-23 18:47:03.176 [ERROR] ERROR: Failed to backup database.
2023-10-23 18:47:03.186 [WARNING] Long-running transaction detected on table inventory.
2023-10-23 18:47:03.196 [WARNING] Connection pool limit reached.
2023-10-23 18:47:03.207 [INFO] Updating records in table transactions.
2023-10-23 18:47:03.217 [INFO] Closing active connections...
2023-10-23 18:47:03.227 [INFO] Committing transaction on table orders.
2023-10-23 18:47:03.237 [INFO] Rollback transaction on table payments.
2023-10-23 18:47:03.247 [WARNING] Long-running transaction detected on table inventory.
2023-10-23 18:47:03.258 [ERROR] Query execution failed on table data.
2023-10-23 18:47:03.268 [INFO] Rollback transaction on table payments.
2023-10-23 18:47:03.278 [INFO] Database engine has shut down gracefully.
2023-10-23 18:47:03.288 [INFO] Committing transaction on table orders.
2023-10-23 18:47:03.298 [INFO] Executing INSERT operation on table data.
2023-10-23 18:47:03.309 [INFO] Backing up table records.
2023-10-23 18:47:03.319 [INFO] Database is healthy.
2023-10-23 18:47:03.329 [INFO] Rollback transaction on table payments.
2023-10-23 18:47:03.339 [WARNING] Long-running transaction detected on table inventory.
2023-10-23 18:47:03.349 [INFO] Database engine has shut down gracefully.
2023-10-23 18:47:03.360 [INFO] Committing transaction on table orders.
2023-10-23 18:47:03.370 [INFO] Committing transaction on table orders.
2023-10-23 18:47:03.380 [INFO] Executing INSERT operation on table data.
2023-10-23 18:47:03.390 [INFO] Committing transaction on table orders.
2023-10-23 18:47:03.400 [DEBUG] Stored procedure "sp_UpdateInventory" executed.
2023-10-23 18:47:03.411 [WARNING] Long-running transaction detected on table inventory.
2023-10-23 18:47:03.421 [CRITICAL] Emergency shutdown initiated!
2023-10-23 18:47:03.431 [INFO] Data replication status: Successful.
2023-10-23 18:47:03.441 [INFO] Backing up table records.
2023-10-23 18:47:03.451 [INFO] Data replication status: Successful.
2023-10-23 18:47:03.461 [DEBUG] Transaction started.
2023-10-23 18:47:03.472 [ERROR] ERROR: Deadlock encountered on table resources.
2023-10-23 18:47:03.482 [INFO] Health check initiated...
2023-10-23 18:47:03.492 [DEBUG] Verifying database consistency...
2023-10-23 18:47:03.502 [INFO] Automatic failover initiated for standby database.
2023-10-23 18:47:03.512 [INFO] Executing DELETE operation on table temp.
2023-10-23 18:47:03.523 [INFO] Index optimization completed.
2023-10-23 18:47:03.533 [INFO] Executing DELETE operation on table temp.
2023-10-23 18:47:03.543 [INFO] Rollback transaction on table payments.
2023-10-23 18:47:03.553 [INFO] Shutting down database...
2023-10-23 18:47:03.563 [INFO] Query executed successfully on table users.
2023-10-23 18:47:03.574 [DEBUG] Stored procedure "sp_UpdateInventory" executed.
2023-10-23 18:47:03.584 [INFO] Updating records in table transactions.
2023-10-23 18:47:03.594 [INFO] Committing transaction on table orders.
2023-10-23 18:47:03.604 [INFO] Committing transaction on table orders.
2023-10-23 18:47:03.614 [INFO] Query executed successfully on table users.
2023-10-23 18:47:03.625 [WARNING] WARNING: Slow query detected on table logs.
2023-10-23 18:47:03.635 [INFO] Executing DELETE operation on table temp.
2023-10-23 18:47:03.645 [INFO] Executing DELETE operation on table temp.
2023-10-23 18:47:03.655 [INFO] Received termination signal.
2023-10-23 18:47:03.665 [ERROR] Unexpected disconnection of client ID #2387.
2023-10-23 18:47:03.675 [INFO] Data replication status: Successful.
2023-10-23 18:47:03.686 [INFO] Executing INSERT operation on table data.
2023-10-23 18:47:03.696 [DEBUG] Stored procedure "sp_UpdateInventory" executed.
2023-10-23 18:47:03.706 [DEBUG] Stored procedure "sp_UpdateInventory" executed.
2023-10-23 18:47:03.716 [INFO] Backing up table records.
2023-10-23 18:47:03.726 [WARNING] Unplanned shutdown - potential data loss!
2023-10-23 18:47:03.737 [WARNING] Long-running transaction detected on table inventory.
2023-10-23 18:47:03.747 [DEBUG] Transaction started.
2023-10-23 18:47:03.757 [INFO] Executing INSERT operation on table data.
2023-10-23 18:47:03.767 [ERROR] Query execution failed on table data.
2023-10-23 18:47:03.777 [INFO] Executing INSERT operation on table data.
2023-10-23 18:47:03.788 [ERROR] Timeout while connecting to external API.
2023-10-23 18:47:03.798 [INFO] Index optimization completed.
2023-10-23 18:47:03.808 [INFO] Query executed successfully on table users.
2023-10-23 18:47:03.818 [INFO] Executing DELETE operation on table temp.
2023-10-23 18:47:03.828 [INFO] Database engine has shut down gracefully.
2023-10-23 18:47:03.839 [INFO] Executing query on table users.
2023-10-23 18:47:03.849 [INFO] Executing DELETE operation on table temp.
2023-10-23 18:47:03.859 [INFO] Executing query on table users.
2023-10-23 18:47:03.869 [WARNING] WARNING: Slow query detected on table logs.
2023-10-23 18:47:03.879 [DEBUG] Transaction started.
2023-10-23 18:47:03.890 [INFO] Backing up table records.
2023-10-23 18:47:03.900 [INFO] Executing DELETE operation on table temp.
2023-10-23 18:47:03.910 [INFO] Executing DELETE operation on table temp.
2023-10-23 18:47:03.920 [INFO] Saving session state...
2023-10-23 18:47:03.931 [ERROR] Unexpected disconnection of client ID #2387.
2023-10-23 18:47:03.941 [INFO] Updating records in table transactions.
2023-10-23 18:47:03.951 [INFO] Committing transaction on table orders.
2023-10-23 18:47:03.961 [INFO] Executing query on table users.
2023-10-23 18:47:03.971 [INFO] Executing DELETE operation on table temp.
2023-10-23 18:47:03.981 [INFO] Data replication status: Successful.
2023-10-23 18:47:03.992 [INFO] Closing active connections...
2023-10-23 18:47:04.002 [INFO] Executing DELETE operation on table temp.
2023-10-23 18:47:04.012 [INFO] Executing DELETE operation on table temp.
2023-10-23 18:47:04.022 [CRITICAL] Emergency shutdown initiated!
2023-10-23 18:47:04.033 [INFO] Executing query on table users.
2023-10-23 18:47:04.043 [WARNING] Long-running transaction detected on table inventory.
2023-10-23 18:47:04.053 [INFO] Rollback transaction on table payments.
2023-10-23 18:47:04.063 [CRITICAL] CRITICAL: Data corruption detected in table users!
2023-10-23 18:47:04.074 [INFO] Rollback transaction on table payments.
2023-10-23 18:47:04.084 [INFO] Backing up table records.
2023-10-23 18:47:04.094 [DEBUG] Transaction started.
2023-10-23 18:47:04.104 [INFO] Updating records in table transactions.
2023-10-23 18:47:04.114 [DEBUG] Verifying database consistency...
2023-10-23 18:47:04.125 [WARNING] Long-running transaction detected on table inventory.
2023-10-23 18:47:04.135 [INFO] Executing DELETE operation on table temp.
2023-10-23 18:47:04.145 [INFO] Query executed successfully on table users.
2023-10-23 18:47:04.155 [WARNING] Long-running transaction detected on table inventory.
2023-10-23 18:47:04.166 [INFO] Executing query on table users.
2023-10-23 18:47:04.176 [ERROR] Query execution failed on table data.
2023-10-23 18:47:04.186 [ERROR] Unexpected disconnection of client ID #2387.
2023-10-23 18:47:04.196 [DEBUG] Stored procedure "sp_UpdateInventory" executed.
2023-10-23 18:47:04.206 [DEBUG] Stored procedure "sp_UpdateInventory" executed.
2023-10-23 18:47:04.217 [ERROR] ERROR: Database connection failed!
2023-10-23 18:47:04.227 [INFO] Executing INSERT operation on table data.
2023-10-23 18:47:04.237 [ERROR] Timeout while connecting to external API.
2023-10-23 18:47:04.247 [INFO] Query executed successfully on table users.
2023-10-23 18:47:04.257 [CRITICAL] Unable to allocate memory for new transactions.
2023-10-23 18:47:04.268 [DEBUG] Transaction started.
2023-10-23 18:47:04.278 [DEBUG] Stored procedure "sp_UpdateInventory" executed.
2023-10-23 18:47:04.288 [ERROR] Insufficient permissions for query on table salaries.
2023-10-23 18:47:04.298 [ERROR] Query execution failed on table data.
2023-10-23 18:47:04.309 [INFO] Executing INSERT operation on table data.
2023-10-23 18:47:04.319 [INFO] Executing DELETE operation on table temp.
2023-10-23 18:47:04.329 [INFO] Running scheduled maintenance tasks...
2023-10-23 18:47:04.339 [INFO] Database engine has shut down gracefully.
2023-10-23 18:47:04.349 [ERROR] Timeout while connecting to external API.
2023-10-23 18:47:04.360 [INFO] Executing INSERT operation on table data.
2023-10-23 18:47:04.370 [INFO] Updating records in table transactions.
2023-10-23 18:47:04.380 [INFO] Backing up table records.
2023-10-23 18:47:04.390 [DEBUG] Stored procedure "sp_UpdateInventory" executed.
2023-10-23 18:47:04.401 [ERROR] Query execution failed on table data.
2023-10-23 18:47:04.411 [INFO] Automatic failover initiated for standby database.
2023-10-23 18:47:04.421 [INFO] Database is healthy.
2023-10-23 18:47:04.431 [WARNING] WARNING: Slow query detected on table logs.
2023-10-23 18:47:04.441 [CRITICAL] Emergency shutdown initiated!
2023-10-23 18:47:04.452 [DEBUG] Stored procedure "sp_UpdateInventory" executed.
2023-10-23 18:47:04.462 [INFO] Updating records in table transactions.
2023-10-23 18:47:04.472 [ERROR] Query execution failed on table data.
2023-10-23 18:47:04.482 [INFO] Rollback transaction on table payments.
2023-10-23 18:47:04.492 [WARNING] Data replication delayed for node 3.
2023-10-23 18:47:04.503 [INFO] Committing transaction on table orders.
2023-10-23 18:47:04.513 [DEBUG] Transaction started.
2023-10-23 18:47:04.523 [INFO] Database engine stopped.
2023-10-23 18:47:04.533 [WARNING] Unplanned shutdown - potential data loss!
2023-10-23 18:47:04.544 [INFO] Database engine has shut down gracefully.
2023-10-23 18:47:04.554 [INFO] Rollback transaction on table payments.
2023-10-23 18:47:04.564 [INFO] Executing INSERT operation on table data.
2023-10-23 18:47:04.574 [WARNING] Unplanned shutdown - potential data loss!
2023-10-23 18:47:04.584 [ERROR] Query execution failed on table data.
2023-10-23 18:47:04.595 [INFO] Updating records in table transactions.
2023-10-23 18:47:04.605 [INFO] Index optimization completed.
2023-10-23 18:47:04.615 [INFO] Rollback transaction on table payments.
2023-10-23 18:47:04.625 [INFO] Backing up table records.
2023-10-23 18:47:04.635 [INFO] Closing active connections...
2023-10-23 18:47:04.646 [INFO] Updating records in table transactions.
2023-10-23 18:47:04.656 [INFO] Executing DELETE operation on table temp.
2023-10-23 18:47:04.666 [DEBUG] Transaction started.
2023-10-23 18:47:04.676 [DEBUG] Stored procedure "sp_UpdateInventory" executed.
2023-10-23 18:47:04.686 [INFO] Query executed successfully on table users.
2023-10-23 18:47:04.697 [ERROR] Query execution failed on table data.
2023-10-23 18:47:04.707 [DEBUG] Transaction started.
2023-10-23 18:47:04.717 [ERROR] Query execution failed on table data.
2023-10-23 18:47:04.727 [INFO] Database is healthy.
2023-10-23 18:47:04.737 [ERROR] Unexpected disconnection of client ID #2387.
2023-10-23 18:47:04.748 [INFO] Automatic failover initiated for standby database.
2023-10-23 18:47:04.758 [INFO] Data replication status: Successful.
2023-10-23 18:47:04.768 [DEBUG] Stored procedure "sp_UpdateInventory" executed.
2023-10-23 18:47:04.778 [INFO] Rollback transaction on table payments.
2023-10-23 18:47:04.788 [WARNING] Long-running transaction detected on table inventory.
2023-10-23 18:47:04.799 [INFO] Executing query on table users.
2023-10-23 18:47:04.809 [ERROR] ERROR: Deadlock encountered on table resources.
2023-10-23 18:47:04.819 [DEBUG] Stored procedure "sp_UpdateInventory" executed.
2023-10-23 18:47:04.829 [INFO] Executing query on table users.
2023-10-23 18:47:04.840 [INFO] Updating records in table transactions.
2023-10-23 18:47:04.850 [WARNING] Unplanned shutdown - potential data loss!
2023-10-23 18:47:04.860 [INFO] Backing up table records.
2023-10-23 18:47:04.870 [INFO] Executing query on table users.
2023-10-23 18:47:04.880 [INFO] Index optimization completed.
2023-10-23 18:47:04.891 [INFO] Shutting down database...
2023-10-23 18:47:04.901 [INFO] Query executed successfully on table users.
2023-10-23 18:47:04.911 [INFO] Rollback transaction on table payments.
2023-10-23 18:47:04.921 [INFO] Running scheduled maintenance tasks...
2023-10-23 18:47:04.931 [DEBUG] Stored procedure "sp_UpdateInventory" executed.
2023-10-23 18:47:04.942 [INFO] Saving session state...
2023-10-23 18:47:04.952 [WARNING] Unplanned shutdown - potential data loss!
2023-10-23 18:47:04.962 [INFO] Executing INSERT operation on table data.
2023-10-23 18:47:04.972 [INFO] Query executed successfully on table users.
2023-10-23 18:47:04.982 [ERROR] Query execution failed on table data.
2023-10-23 18:47:04.993 [WARNING] Long-running transaction detected on table inventory.
2023-10-23 18:47:05.003 [INFO] Committing transaction on table orders.
2023-10-23 18:47:05.013 [INFO] Data replication status: Successful.
2023-10-23 18:47:05.023 [WARNING] Data replication delayed for node 3.
2023-10-23 18:47:05.034 [INFO] Backing up table records.
2023-10-23 18:47:05.044 [INFO] Committing transaction on table orders.
2023-10-23 18:47:05.054 [DEBUG] Stored procedure "sp_UpdateInventory" executed.
2023-10-23 18:47:05.064 [INFO] Received termination signal.
2023-10-23 18:47:05.075 [INFO] Executing DELETE operation on table temp.
2023-10-23 18:47:05.085 [DEBUG] Transaction started.
2023-10-23 18:47:05.095 [WARNING] Long-running transaction detected on table inventory.
2023-10-23 18:47:05.105 [ERROR] Unexpected disconnection of client ID #2387.
2023-10-23 18:47:05.116 [WARNING] Unplanned shutdown - potential data loss!
2023-10-23 18:47:05.126 [DEBUG] Stored procedure "sp_UpdateInventory" executed.
2023-10-23 18:47:05.136 [DEBUG] Transaction started.
2023-10-23 18:47:05.146 [INFO] Updating records in table transactions.
2023-10-23 18:47:05.156 [INFO] Updating records in table transactions.
2023-10-23 18:47:05.167 [INFO] Updating records in table transactions.
2023-10-23 18:47:05.177 [INFO] Executing DELETE operation on table temp.
2023-10-23 18:47:05.187 [WARNING] Long-running transaction detected on table inventory.
2023-10-23 18:47:05.197 [DEBUG] Stored procedure "sp_UpdateInventory" executed.
2023-10-23 18:47:05.208 [DEBUG] Transaction started.
2023-10-23 18:47:05.218 [INFO] Database engine stopped.
2023-10-23 18:47:05.228 [INFO] Committing transaction on table orders.
2023-10-23 18:47:05.238 [WARNING] Connection pool limit reached.
2023-10-23 18:47:05.248 [INFO] Closing active connections...
2023-10-23 18:47:05.259 [ERROR] Query execution failed on table data.
2023-10-23 18:47:05.269 [INFO] Executing DELETE operation on table temp.
2023-10-23 18:47:05.279 [INFO] Executing INSERT operation on table data.
2023-10-23 18:47:05.289 [INFO] Database engine has shut down gracefully.
2023-10-23 18:47:05.299 [WARNING] Long-running transaction detected on table inventory.
2023-10-23 18:47:05.310 [DEBUG] Transaction started.
2023-10-23 18:47:05.320 [INFO] Rollback transaction on table payments.
2023-10-23 18:47:05.330 [CRITICAL] Unable to allocate memory for new transactions.
2023-10-23 18:47:05.340 [INFO] Committing transaction on table orders.
2023-10-23 18:47:05.351 [INFO] Index optimization completed.
2023-10-23 18:47:05.361 [ERROR] Query execution failed on table data.
2023-10-23 18:47:05.371 [INFO] Rollback transaction on table payments.
2023-10-23 18:47:05.381 [INFO] Executing DELETE operation on table temp.
2023-10-23 18:47:05.392 [INFO] Rollback transaction on table payments.
2023-10-23 18:47:05.402 [WARNING] Long-running transaction detected on table inventory.
2023-10-23 18:47:05.412 [INFO] Executing query on table users.
2023-10-23 18:47:05.422 [ERROR] Insufficient permissions for query on table salaries.
2023-10-23 18:47:05.432 [INFO] Updating records in table transactions.
2023-10-23 18:47:05.443 [WARNING] Long-running transaction detected on table inventory.
2023-10-23 18:47:05.453 [DEBUG] Stored procedure "sp_UpdateInventory" executed.
2023-10-23 18:47:05.463 [INFO] Executing INSERT operation on table data.
2023-10-23 18:47:05.473 [INFO] Database engine has shut down gracefully.
2023-10-23 18:47:05.484 [WARNING] Long-running transaction detected on table inventory.
2023-10-23 18:47:05.494 [WARNING] WARNING: Slow query detected on table logs.
2023-10-23 18:47:05.504 [DEBUG] Transaction started.
2023-10-23 18:47:05.514 [ERROR] Query execution failed on table data.
2023-10-23 18:47:05.524 [INFO] Backing up table records.
2023-10-23 18:47:05.535 [WARNING] Long-running transaction detected on table inventory.
2023-10-23 18:47:05.545 [INFO] Updating records in table transactions.
2023-10-23 18:47:05.555 [WARNING] WARNING: Slow query detected on table logs.
2023-10-23 18:47:05.565 [INFO] Backing up table records.
2023-10-23 18:47:05.575 [DEBUG] Stored procedure "sp_UpdateInventory" executed.
2023-10-23 18:47:05.586 [INFO] Backing up table records.
2023-10-23 18:47:05.596 [INFO] Executing INSERT operation on table data.
2023-10-23 18:47:05.606 [INFO] Backing up table records.
2023-10-23 18:47:05.616 [INFO] Updating records in table transactions.
2023-10-23 18:47:05.626 [WARNING] Data replication delayed for node 3.
2023-10-23 18:47:05.637 [DEBUG] Stored procedure "sp_UpdateInventory" executed.
2023-10-23 18:47:05.647 [INFO] Updating records in table transactions.
2023-10-23 18:47:05.657 [WARNING] Long-running transaction detected on table inventory.
2023-10-23 18:47:05.667 [INFO] Executing query on table users.
2023-10-23 18:47:05.678 [ERROR] ERROR: Database connection failed!
2023-10-23 18:47:05.688 [INFO] Updating records in table transactions.
2023-10-23 18:47:05.698 [INFO] Backing up table records.
2023-10-23 18:47:05.708 [INFO] Saving session state...
2023-10-23 18:47:05.718 [DEBUG] Stored procedure "sp_UpdateInventory" executed.
2023-10-23 18:47:05.729 [WARNING] Data replication delayed for node 3.
2023-10-23 18:47:05.739 [INFO] Shutting down database...
2023-10-23 18:47:05.749 [INFO] Updating records in table transactions.
2023-10-23 18:47:05.759 [INFO] Saving session state...
2023-10-23 18:47:05.769 [INFO] Rollback transaction on table payments.
2023-10-23 18:47:05.780 [WARNING] Connection pool limit reached.
2023-10-23 18:47:05.790 [DEBUG] Stored procedure "sp_UpdateInventory" executed.
2023-10-23 18:47:05.800 [INFO] Rollback transaction on table payments.
2023-10-23 18:47:05.810 [INFO] Executing DELETE operation on table temp.
2023-10-23 18:47:05.821 [INFO] Data replication status: Successful.
2023-10-23 18:47:05.831 [INFO] Executing DELETE operation on table temp.
2023-10-23 18:47:05.841 [INFO] Query executed successfully on table users.
2023-10-23 18:47:05.851 [INFO] Index optimization completed.
2023-10-23 18:47:05.862 [DEBUG] Stored procedure "sp_UpdateInventory" executed.
2023-10-23 18:47:05.872 [INFO] Query executed successfully on table users.
2023-10-23 18:47:05.882 [INFO] Rollback transaction on table payments.
2023-10-23 18:47:05.892 [INFO] Database is healthy.
2023-10-23 18:47:05.903 [ERROR] Query execution failed on table data.
2023-10-23 18:47:05.913 [INFO] Rollback transaction on table payments.
2023-10-23 18:47:05.923 [INFO] Database engine has shut down gracefully.
2023-10-23 18:47:05.933 [DEBUG] Stored procedure "sp_UpdateInventory" executed.
2023-10-23 18:47:05.943 [ERROR] Insufficient permissions for query on table salaries.
2023-10-23 18:47:05.954 [INFO] Health check initiated...
2023-10-23 18:47:05.964 [INFO] Backing up table records.
2023-10-23 18:47:05.974 [INFO] Updating records in table transactions.
2023-10-23 18:47:05.984 [CRITICAL] Emergency shutdown initiated!
2023-10-23 18:47:05.994 [WARNING] Long-running transaction detected on table inventory.
2023-10-23 18:47:06.005 [INFO] Updating records in table transactions.
2023-10-23 18:47:06.015 [INFO] Running scheduled maintenance tasks...
2023-10-23 18:47:06.025 [INFO] Saving session state...
2023-10-23 18:47:06.035 [INFO] Updating records in table transactions.
2023-10-23 18:47:06.045 [CRITICAL] Emergency shutdown initiated!
2023-10-23 18:47:06.056 [INFO] Executing query on table users.
2023-10-23 18:47:06.066 [INFO] Query executed successfully on table users.
2023-10-23 18:47:06.076 [DEBUG] Stored procedure "sp_UpdateInventory" executed.
2023-10-23 18:47:06.086 [INFO] Rollback transaction on table payments.
2023-10-23 18:47:06.097 [INFO] Backing up table records.
2023-10-23 18:47:06.107 [DEBUG] Transaction started.
2023-10-23 18:47:06.117 [INFO] Query executed successfully on table users.
2023-10-23 18:47:06.127 [ERROR] Insufficient permissions for query on table salaries.
2023-10-23 18:47:06.137 [INFO] Executing query on table users.
2023-10-23 18:47:06.148 [WARNING] Unplanned shutdown - potential data loss!
2023-10-23 18:47:06.158 [INFO] Index optimization completed.
2023-10-23 18:47:06.168 [INFO] Executing INSERT operation on table data.
2023-10-23 18:47:06.178 [INFO] Query executed successfully on table users.
2023-10-23 18:47:06.188 [CRITICAL] Emergency shutdown initiated!
2023-10-23 18:47:06.199 [INFO] Database engine stopped.
2023-10-23 18:47:06.209 [DEBUG] Stored procedure "sp_UpdateInventory" executed.
2023-10-23 18:47:06.219 [INFO] Executing query on table users.
2023-10-23 18:47:06.229 [INFO] Database is healthy.
2023-10-23 18:47:06.239 [DEBUG] Stored procedure "sp_UpdateInventory" executed.
2023-10-23 18:47:06.250 [INFO] Backing up table records.
2023-10-23 18:47:06.260 [INFO] Query executed successfully on table users.
2023-10-23 18:47:06.270 [INFO] Executing INSERT operation on table data.
2023-10-23 18:47:06.280 [INFO] Executing query on table users.
2023-10-23 18:47:06.291 [INFO] Query executed successfully on table users.
2023-10-23 18:47:06.301 [DEBUG] Stored procedure "sp_UpdateInventory" executed.
2023-10-23 18:47:06.311 [INFO] Backing up table records.
2023-10-23 18:47:06.321 [INFO] Database engine stopped.
2023-10-23 18:47:06.331 [DEBUG] Stored procedure "sp_UpdateInventory" executed.
2023-10-23 18:47:06.342 [INFO] Executing query on table users.
2023-10-23 18:47:06.352 [INFO] Executing DELETE operation on table temp.
2023-10-23 18:47:06.362 [INFO] Automatic failover initiated for standby database.
2023-10-23 18:47:06.372 [DEBUG] Stored procedure "sp_UpdateInventory" executed.
2023-10-23 18:47:06.382 [INFO] Committing transaction on table orders.
2023-10-23 18:47:06.393 [INFO] Backing up table records.
2023-10-23 18:47:06.403 [ERROR] Query execution failed on table data.
2023-10-23 18:47:06.413 [INFO] Executing query on table users.
2023-10-23 18:47:06.424 [ERROR] Query execution failed on table data.
2023-10-23 18:47:06.434 [INFO] Closing active connections...
2023-10-23 18:47:06.444 [INFO] Executing DELETE operation on table temp.
2023-10-23 18:47:06.454 [DEBUG] Transaction started.
2023-10-23 18:47:06.464 [INFO] Automatic failover initiated for standby database.
2023-10-23 18:47:06.475 [DEBUG] Transaction started.
2023-10-23 18:47:06.485 [ERROR] Timeout while connecting to external API.
2023-10-23 18:47:06.495 [WARNING] Long-running transaction detected on table inventory.
2023-10-23 18:47:06.505 [INFO] Executing INSERT operation on table data.
2023-10-23 18:47:06.516 [ERROR] ERROR: Deadlock encountered on table resources.
2023-10-23 18:47:06.526 [INFO] Closing active connections...
2023-10-23 18:47:06.536 [INFO] Updating records in table transactions.
2023-10-23 18:47:06.546 [INFO] Query executed successfully on table users.
2023-10-23 18:47:06.556 [INFO] Updating records in table transactions.
2023-10-23 18:47:06.567 [WARNING] Long-running transaction detected on table inventory.
2023-10-23 18:47:06.577 [INFO] Query executed successfully on table users.
2023-10-23 18:47:06.587 [INFO] Database engine stopped.
2023-10-23 18:47:06.597 [ERROR] Unexpected disconnection of client ID #2387.
2023-10-23 18:47:06.607 [INFO] Health check initiated...
2023-10-23 18:47:06.618 [DEBUG] Verifying database consistency...
2023-10-23 18:47:06.628 [DEBUG] Transaction started.
2023-10-23 18:47:06.638 [INFO] Database engine stopped.
2023-10-23 18:47:06.648 [DEBUG] Transaction started.
2023-10-23 18:47:06.659 [INFO] Executing INSERT operation on table data.
2023-10-23 18:47:06.669 [INFO] Committing transaction on table orders.
2023-10-23 18:47:06.679 [INFO] Rollback transaction on table payments.
2023-10-23 18:47:06.689 [DEBUG] Stored procedure "sp_UpdateInventory" executed.
2023-10-23 18:47:06.699 [INFO] Rollback transaction on table payments.
2023-10-23 18:47:06.710 [INFO] Executing INSERT operation on table data.
2023-10-23 18:47:06.720 [INFO] Backing up table records.
2023-10-23 18:47:06.730 [INFO] Executing DELETE operation on table temp.
2023-10-23 18:47:06.740 [INFO] Backing up table records.
2023-10-23 18:47:06.750 [INFO] Executing INSERT operation on table data.
2023-10-23 18:47:06.761 [ERROR] Query execution failed on table data.
2023-10-23 18:47:06.771 [WARNING] Data replication delayed for node 3.
2023-10-23 18:47:06.781 [INFO] Shutting down database...
2023-10-23 18:47:06.791 [INFO] Backing up table records.
2023-10-23 18:47:06.802 [INFO] Database engine stopped.
2023-10-23 18:47:06.812 [WARNING] Long-running transaction detected on table inventory.
2023-10-23 18:47:06.822 [INFO] Closing active connections...
2023-10-23 18:47:06.833 [INFO] Executing DELETE operation on table temp.
2023-10-23 18:47:06.843 [INFO] Updating records in table transactions.
2023-10-23 18:47:06.853 [INFO] Executing DELETE operation on table temp.
2023-10-23 18:47:06.863 [INFO] Committing transaction on table orders.
2023-10-23 18:47:06.874 [DEBUG] Transaction started.
2023-10-23 18:47:06.884 [INFO] Committing transaction on table orders.
2023-10-23 18:47:06.894 [INFO] Executing INSERT operation on table data.
2023-10-23 18:47:06.904 [INFO] Executing DELETE operation on table temp.
2023-10-23 18:47:06.915 [CRITICAL] Unable to allocate memory for new transactions.
2023-10-23 18:47:06.925 [ERROR] Query execution failed on table data.
2023-10-23 18:47:06.935 [INFO] Query executed successfully on table users.
2023-10-23 18:47:06.945 [INFO] Index optimization completed.
2023-10-23 18:47:06.955 [INFO] Executing DELETE operation on table temp.
2023-10-23 18:47:06.966 [WARNING] Long-running transaction detected on table inventory.
2023-10-23 18:47:06.976 [INFO] Index optimization completed.
2023-10-23 18:47:06.986 [INFO] Updating records in table transactions.
2023-10-23 18:47:06.996 [INFO] Executing INSERT operation on table data.
2023-10-23 18:47:07.006 [INFO] Running scheduled maintenance tasks...
2023-10-23 18:47:07.017 [ERROR] ERROR: Database connection failed!
2023-10-23 18:47:07.027 [ERROR] Query execution failed on table data.
2023-10-23 18:47:07.037 [INFO] Updating records in table transactions.
2023-10-23 18:47:07.047 [WARNING] Data replication delayed for node 3.
2023-10-23 18:47:07.057 [INFO] Rollback transaction on table payments.
2023-10-23 18:47:07.068 [WARNING] Connection pool limit reached.
2023-10-23 18:47:07.078 [INFO] Query executed successfully on table users.
2023-10-23 18:47:07.088 [ERROR] Query execution failed on table data.
2023-10-23 18:47:07.098 [INFO] Executing INSERT operation on table data.
2023-10-23 18:47:07.108 [INFO] Updating records in table transactions.
2023-10-23 18:47:07.118 [INFO] Health check initiated...
2023-10-23 18:47:07.129 [DEBUG] Transaction started.
2023-10-23 18:47:07.139 [INFO] Executing query on table users.
2023-10-23 18:47:07.149 [INFO] Index optimization completed.
2023-10-23 18:47:07.159 [ERROR] Timeout while connecting to external API.
2023-10-23 18:47:07.169 [INFO] Query executed successfully on table users.
2023-10-23 18:47:07.180 [WARNING] Long-running transaction detected on table inventory.
2023-10-23 18:47:07.190 [WARNING] Long-running transaction detected on table inventory.
2023-10-23 18:47:07.200 [INFO] Updating records in table transactions.
2023-10-23 18:47:07.210 [ERROR] Query execution failed on table data.
2023-10-23 18:47:07.220 [INFO] Committing transaction on table orders.
2023-10-23 18:47:07.231 [ERROR] Query execution failed on table data.
2023-10-23 18:47:07.241 [INFO] Database is healthy.
2023-10-23 18:47:07.251 [INFO] Executing INSERT operation on table data.
2023-10-23 18:47:07.261 [ERROR] Query execution failed on table data.
2023-10-23 18:47:07.271 [INFO] Updating records in table transactions.
2023-10-23 18:47:07.282 [INFO] Rollback transaction on table payments.
2023-10-23 18:47:07.292 [INFO] Index optimization completed.
2023-10-23 18:47:07.302 [INFO] Committing transaction on table orders.
2023-10-23 18:47:07.312 [INFO] Rollback transaction on table payments.
2023-10-23 18:47:07.322 [WARNING] Long-running transaction detected on table inventory.
2023-10-23 18:47:07.333 [WARNING] Unplanned shutdown - potential data loss!
2023-10-23 18:47:07.343 [ERROR] Query execution failed on table data.
2023-10-23 18:47:07.353 [INFO] Query executed successfully on table users.
2023-10-23 18:47:07.363 [DEBUG] Verifying database consistency...
2023-10-23 18:47:07.373 [WARNING] Unplanned shutdown - potential data loss!
2023-10-23 18:47:07.384 [INFO] Executing DELETE operation on table temp.
2023-10-23 18:47:07.394 [INFO] Backing up table records.
2023-10-23 18:47:07.404 [INFO] Executing query on table users.
2023-10-23 18:47:07.414 [DEBUG] Transaction started.
2023-10-23 18:47:07.424 [INFO] Updating records in table transactions.
2023-10-23 18:47:07.435 [INFO] Executing INSERT operation on table data.
